2.099999999999999289e+01 -6.300751576978189405e+05
6.049999999999997868e+01 -1.084866320228331350e+07
1.029999999999999858e+02 6.224721676518097411e+03
1.504999999999999432e+02 8.578838074033117664e+03
2.004999999999998863e+02 6.011635251746970425e+03
2.504999999999998863e+02 6.569454218519595997e+03
3.004999999999998863e+02 5.205510554738845713e+03
3.504999999999998295e+02 2.323195335751063340e+03
4.004999999999998295e+02 1.949191970294956263e+03
4.504999999999997158e+02 2.199880889022887914e+03
5.004999999999997158e+02 2.308356582372519370e+03
5.504999999999997726e+02 2.484185090941649378e+03
6.004999999999996589e+02 2.276949873272927562e+03
6.504999999999997726e+02 1.836182973306756821e+03
7.004999999999995453e+02 1.797597189592251425e+03
7.504999999999997726e+02 2.363820309570279278e+03
8.004999999999997726e+02 2.261677116108510290e+03
8.504999999999994316e+02 2.731519515524342296e+03
9.004999999999995453e+02 1.891380031905193619e+03
9.504999999999995453e+02 1.628508365174146093e+03
1.000499999999999545e+03 1.014594501349929033e+03
1.050499999999999545e+03 1.179586964743265071e+03
1.100499999999999545e+03 1.205864740275701706e+03
1.150499999999999773e+03 1.340875884088630755e+03
1.200499999999999773e+03 1.088196379229314971e+03
1.250499999999999545e+03 8.654936635907829441e+02
1.300499999999999545e+03 7.257579041699026448e+02
1.350499999999999318e+03 7.789206247627616904e+02
1.400499999999999318e+03 8.060842515285836498e+02
1.450499999999999318e+03 8.086802028006926548e+02
1.500499999999999318e+03 7.669259832995647912e+02
1.550499999999999545e+03 6.268549320634473361e+02
1.600499999999999545e+03 4.622793504386318091e+02
1.650499999999999545e+03 4.085325101317503140e+02
1.700499999999999545e+03 4.417884166334196721e+02
1.750499999999999091e+03 4.596865448700571051e+02
1.800499999999999091e+03 3.896146497441891370e+02
1.850499999999999091e+03 3.569913471605336781e+02
1.900499999999999091e+03 2.760641097297088322e+02
1.950499999999999091e+03 2.424833891102364305e+02
2.000499999999999091e+03 2.587727334356360416e+02
2.075499999999998181e+03 2.252962910700133534e+02
2.175499999999997726e+03 1.845651768664986321e+02
2.275499999999997272e+03 1.532073805545085463e+02
2.375499999999997726e+03 1.371128297927716631e+02
2.475499999999998181e+03 1.163291266441150498e+02
2.625499999999998181e+03 9.220268122426146817e+01
2.825499999999998181e+03 7.370291485173061119e+01
3.025499999999997726e+03 6.249808175624269069e+01
3.325500000000035016e+03 4.700762093900863192e+01
3.725500000000039563e+03 4.805626613141370029e+01
4.125500000000043656e+03 5.438994875218505598e+01
4.525500000000047294e+03 6.085858442922694422e+01
4.925500000000051841e+03 5.858555450747495996e+01
5.325500000000056389e+03 7.588474203316117439e+01
5.725500000000058208e+03 7.552523304328501297e+01
6.125500000000062755e+03 1.083025568248497876e+02
6.725500000000107320e+03 4.360691687478779954e+01
7.524999999999873580e+03 -1.144437464168385432e+00
